Количество повторений: 12
Промежуток между числом
40, 20, 9, 2, 71, 18, 98, 227, 77, 4, 51, 34
Количество повторений: 68
Промежуток между числом
42, 24, 28, 99, 55, 5, 14, 29, 36, 38, 100, 48, 23, 27, 29, 4, 9, 1, 1, 26, 2, 3, 95, 37, 4, 54, 21, 13, 42, 26, 9, 54, 66, 13, 174, 54, 32, 36, 48, 10, 4, 43, 25, 32, 51, 45, 82, 112, 70, 32, 2, 784, 39, 1, 32, 5, 15, 50, 5, 14, 56, 6, 710, 3, 18, 7
Количество повторений: 1
Промежуток между числом
11
Количество повторений: 4
Промежуток между числом
4, 9, 181, 16
Количество повторений: 26
Промежуток между числом
6, 105, 9, 103, 35, 27, 56, 10, 12, 43, 66, 12, 76, 31, 8, 46, 72, 4, 3, 18, 6, 49, 19, 61, 38, 42
